150
nGCA_000262125.1_ASM26212v1_genomic.fna    0         0.000318  0.000307  0.000211  0.000235  0.000178  0.00021   4.85e-05  0.000313  3.48e-05  0.000221  0.000213  0.000242  7.23e-05  0.000232  0.000294  0.000325  6.75e-05  0.000283  0.000264  0.000266  0.000266  0.000281  0.000319  0.000313  0.000142  0.000313  0.000319  0.000164  0.000319  0.000102  0.000523  0.000217  0.000157  0.000144  0.000231  0.00012   6.47e-05  6.28e-05  0.000101  0.000191  0.000262  0.000296  0.000302  0.00028   0.000285  0.0003    0.000339  0.000295  0.000285  0.000204  0.000307  0.00032   0.000188  0.00019   0.000249  0.000262  0.000824  0.000256  0.000164  0.000316  0.000275  0.000202  0.000216  0.000274  0.000292  0.000187  0.00028   0.000173  0.00026   0.000289  0.000222  0.000494  0.000233  0.000295  0.000259  0.000323  0.000173  0.000114  0.000745  0.000248  0.000305  0.000294  0.00031   0.000277  0.000295  7.06e-05  0.000211  0.000299  9.11e-05  0.000182  0.000227  0.000285  0.000318  0.000343  0.000311  0.000318  0.000239  0.000238  0.000236  0.000238  0.000231  0.000228  0.000223  0.000222  0.000212  0.000225  0.000229  0.000215  0.000222  0.000236  0.000205  0.000213  0.000237  0.000237  0.000193  0.000191  0.000233  0.000226  0.000203  0.000226  0.000214  0.000244  0.000232  0.000233  0.000208  0.000244  0.000209  6.82e-05  0.000277  0.000285  0.000237  0.000293  0.000298  0.000166  0.000167  0.000312  0.000169  0.000275  7.28e-05  7.38e-05  0.000169  0.000126  0.000114  0.000157  0.000191  0.000188  0.000181  0.000189  8.21e-05
nGCA_001650275.1_ASM165027v1_genomic.fna   0.000318  0         3.82e-05  0.000319  0.00029   0.0003    0.000439  0.00032   0.000375  0.000319  0.00033   0.000338  0.000373  0.000351  0.000389  0.000387  0.000301  0.000322  0.000277  0.000622  0.000618  0.000618  0.000639  0.000351  0.000322  0.000265  0.000322  0.000318  0.000291  0.000332  0.000284  0.000583  0.000331  0.000313  0.000272  0.000292  0.000303  0.000333  0.00052   0.000348  0.000311  0.000304  0.000276  0.000286  0.000471  0.000401  0.00041   0.000332  0.000288  0.000288  0.000335  0.000335  0.000332  0.000373  0.000359  0.000393  0.000316  0.000844  0.000272  0.000285  0.000333  0.000279  0.000327  0.000307  0.000275  0.000418  0.000332  0.000307  0.000318  0.000244  0.000301  0.000333  0.000638  0.000335  0.000283  0.000169  0.000578  0.000312  0.000297  0.00093   0.000296  0.000273  0.000464  0.000166  0.000288  0.000319  0.000331  0.000407  0.000295  0.00027   0.000327  0.00034   0.000279  0.000546  0.00051   0.000497  0.000236  0.000274  0.000272  0.000271  0.000272  0.000263  0.00026   0.000261  0.000261  0.000248  0.000256  0.000261  0.000259  0.000256  0.000268  0.000272  0.000243  0.00027   0.000269  0.000266  0.000265  0.000258  0.000259  0.00029   0.000255  0.000263  0.000392  0.000268  0.000277  0.000259  0.000262  0.000271  0.000325  0.000279  0.000287  0.000295  0.00031   0.000297  0.000301  0.000301  0.000328  0.000302  0.000273  0.000351  0.000332  0.000288  0.000279  0.000305  0.000413  0.000315  0.000314  0.000322  0.000315  0.000343
nGCA_001650295.1_ASM165029v1_genomic.fna   0.000307  3.82e-05  0         0.000317  0.000281  0.000287  0.00038   0.000311  0.000364  0.000308  0.000323  0.000335  0.000358  0.000339  0.000361  0.000378  0.000288  0.00031   0.00027   0.000526  0.000522  0.000522  0.00054   0.000343  0.00031   0.000251  0.000309  0.000306  0.000275  0.000324  0.000276  0.000564  0.000326  0.000297  0.000257  0.000284  0.000287  0.000318  0.000504  0.000338  0.000294  0.000289  0.000275  0.000284  0.000467  0.0004    0.000407  0.000327  0.000283  0.000279  0.000323  0.000326  0.000318  0.000305  0.000305  0.000366  0.000309  0.000821  0.000252  0.000272  0.000309  0.000265  0.00031   0.000294  0.000259  0.000415  0.000318  0.000291  0.000311  0.000226  0.000285  0.000328  0.000612  0.000331  0.00027   0.000226  0.000482  0.000294  0.000281  0.000932  0.000283  0.000254  0.000457  0.000142  0.000281  0.000304  0.000325  0.000391  0.000279  0.000262  0.000307  0.00032   0.000265  0.000448  0.000496  0.000487  0.000221  0.000262  0.000261  0.000259  0.000262  0.000252  0.000249  0.000248  0.000251  0.000238  0.000249  0.000243  0.000252  0.000246  0.000258  0.000258  0.000228  0.000259  0.000251  0.000257  0.000255  0.000248  0.000249  0.000268  0.000241  0.000249  0.000274  0.000262  0.000256  0.000245  0.000244  0.000258  0.000312  0.000253  0.000281  0.000282  0.000291  0.000279  0.000287  0.000287  0.000311  0.000287  0.000257  0.000339  0.000324  0.000277  0.000264  0.0003    0.000392  0.000298  0.000296  0.000304  0.000297  0.000334
nGCA_002208865.2_ASM220886v2_genomic.fna   0.000211  0.000319  0.000317  0         0.000212  0.00026   0.000301  0.000226  0.000355  0.000214  0.000292  0.000269  0.000324  0.000244  0.000305  0.000375  0.00032   0.000238  0.000248  0.000406  0.000421  0.00042   0.000444  0.000306  0.000289  0.000225  0.000291  0.000295  0.000249  0.000291  0.00021   0.000585  0.000309  0.000273  0.000234  0.000237  0.000208  0.000222  0.000224  0.000262  0.000249  0.000241  0.000295  0.000291  0.000278  0.000287  0.00028   0.000349  0.000292  0.000281  0.000278  0.000299  0.000319  0.000278  0.000279  0.000247  0.000321  0.000809  0.000337  0.000246  0.000292  0.000272  0.000267  0.000249  0.000244  0.000279  0.000279  0.000349  0.000271  0.000232  0.000268  0.000316  0.000576  0.00031   0.000323  0.000342  0.000401  0.000259  0.000224  0.000754  0.000222  0.000326  0.000292  0.000296  0.000268  0.000301  0.000253  0.000203  0.000299  0.000204  0.000293  0.000293  0.000279  0.000403  0.000365  0.000328  0.000304  0.000206  0.000204  0.000197  0.000199  0.000196  0.000198  0.000169  0.000168  0.000184  0.000195  0.000186  0.000165  0.000193  0.000201  0.000143  0.000174  0.000201  0.000195  0.000143  0.000146  0.00021   0.000202  0.000156  0.000183  0.000161  0.000291  0.000183  0.000179  0.000181  0.000195  0.000154  0.000226  0.000214  0.000252  0.000122  0.000288  0.00026   0.000249  0.000248  0.00029   0.00025   0.00024   0.000244  0.000224  0.000245  0.000232  0.00023   0.000337  0.00025   0.000252  0.000262  0.000254  0.000233
nGCA_008462425.1_ASM846242v1_genomic.fna   0.000235  0.00029   0.000281  0.000212  0         0.000205  0.000274  0.000247  0.000306  0.00023   0.0003    0.000289  0.000326  0.000281  0.000329  0.000311  0.000263  0.000222  0.000208  0.000403  0.000401  0.0004    0.000421  0.000266  0.000254  0.000182  0.000255  0.00026   0.000215  0.000252  0.000223  0.000579  0.000303  0.000227  0.00019   0.000247  0.000217  0.000246  0.000253  0.000266  0.000187  0.000184  0.000237  0.000251  0.000258  0.000259  0.000222  0.000266  0.000215  0.000226  0.000253  0.000261  0.000278  0.000251  0.000252  0.000206  0.000253  0.000778  0.00021   0.000212  0.000273  0.000147  0.000222  0.000192  0.000203  0.000216  0.000236  0.000253  0.000216  0.000198  0.000228  0.000279  0.000591  0.000323  0.000221  0.000215  0.000335  0.000227  0.000232  0.000738  0.000163  0.000211  0.000223  0.000244  0.000206  0.000261  0.000283  0.000105  0.000213  0.000209  0.000226  0.000256  0.000147  0.000298  0.000293  0.000269  0.000228  0.00021   0.000211  0.000209  0.000211  0.000208  0.000198  0.000166  0.000168  0.00019   0.000192  0.000191  0.000175  0.00019   0.000203  0.000166  0.000184  0.000204  0.000193  0.000166  0.000168  0.0002    0.000195  0.000185  0.000197  0.000156  0.000313  0.000186  0.000173  0.000189  0.000198  0.000169  0.000251  0.000205  0.000203  0.000192  0.000236  0.00022   0.000225  0.000226  0.000246  0.000226  0.0002    0.000282  0.000259  0.000194  0.000172  0.000192  0.000321  0.000224  0.000222  0.00023   0.000222  0.000246
nGCA_008727135.1_ASM872713v1_genomic.fna   0.000178  0.0003    0.000287  0.00026   0.000205  0         0.000126  0.000181  0.00045   0.000159  0.000361  0.000341  0.000379  0.000181  0.000382  0.00039   0.000307  0.000173  0.000261  0.000471  0.000471  0.000478  0.000486  0.000315  0.0003    8.15e-05  0.0003    0.000305  4.11e-05  0.000312  0.000122  0.000614  0.000351  0.000104  5.71e-05  0.000278  0.000154  0.000172  0.000196  0.00019   0.000108  0.000247  0.000298  0.000304  0.000308  0.000297  0.000281  0.000332  0.000269  0.000286  0.000118  0.000309  0.000316  9.93e-05  0.000103  0.000237  0.000342  0.000832  0.000276  4.2e-05   0.000315  0.000263  0.000122  0.000133  0.000254  0.000277  0.000146  0.000321  0.000161  0.00025   0.000267  0.000125  0.000594  0.000358  0.000321  0.000257  0.000401  7.54e-05  0.000147  0.000802  0.000227  0.000278  0.000286  0.000288  0.000264  0.000284  0.000224  0.000185  0.000275  0.000122  0.000111  0.000113  0.000267  0.000379  0.000307  0.000315  0.000342  0.000245  0.000243  0.000236  0.000238  0.000231  0.000228  0.000221  0.000223  0.000213  0.000223  0.000231  0.000222  0.000222  0.000236  0.000233  0.000221  0.000237  0.000239  0.000222  0.000223  0.000232  0.000229  0.000231  0.000232  0.000216  0.000357  0.000236  0.000223  0.000212  0.000234  0.000242  0.000158  0.000242  0.000259  0.000239  0.000271  0.000272  6.18e-05  6.21e-05  0.0003    6.42e-05  0.000252  0.000181  0.000162  7.6e-05   0.000108  0.000122  0.000266  6.93e-05  6.57e-05  7.72e-05  6.57e-05  0.000196
nGCA_008727155.1_ASM872715v1_genomic.fna   0.00021   0.000439  0.00038   0.000301  0.000274  0.000126  0         0.000222  0.000502  0.000219  0.000389  0.000378  0.00041   0.000171  0.000384  0.00039   0.000349  0.000198  0.000312  0.000427  0.000424  0.000423  0.000429  0.000369  0.000345  0.00014   0.000345  0.000335  0.000105  0.000367  0.000168  0.000625  0.000377  9.97e-05  0.000116  0.000303  0.000167  0.000191  0.000212  0.000135  0.000181  0.000303  0.000339  0.000348  0.000345  0.000339  0.000342  0.000387  0.000325  0.000326  0.000112  0.000355  0.000313  3.1e-05   2.95e-05  0.000294  0.000348  0.000855  0.000268  0.000103  0.000357  0.000309  0.000165  0.000196  0.000297  0.000333  7.42e-05  0.000284  8.86e-05  0.0003    0.000324  0.000193  0.000611  0.000387  0.000329  0.000294  0.000373  7.96e-05  0.000151  0.000811  0.000246  0.000316  0.000341  0.000309  0.000323  0.000337  0.000232  0.000236  0.000324  0.000176  0.000128  0.00013   0.000318  0.000356  0.000372  0.000377  0.00038   0.00028   0.000278  0.000277  0.000279  0.000273  0.000271  0.000276  0.000278  0.000256  0.000267  0.000274  0.000276  0.000265  0.00028   0.00028   0.00026   0.000281  0.000282  0.000265  0.000262  0.000273  0.00027   0.000287  0.000272  0.000271  0.000297  0.000291  0.000275  0.000265  0.000278  0.000282  0.000188  0.00029   0.000305  0.00026   0.000326  0.000324  0.000126  0.000127  0.000351  0.000129  0.0003    0.000171  0.000208  0.000158  0.000159  0.000163  0.000324  0.000126  0.000124  0.000115  0.000126  0.000241
nGCA_008727175.1_ASM872717v1_genomic.fna   4.85e-05  0.00032   0.000311  0.000226  0.000247  0.000181  0.000222  0         0.000327  2.8e-05   0.00024   0.000231  0.000258  7.97e-05  0.000265  0.000298  0.000334  0.000101  0.00029   0.000372  0.00037   0.000369  0.000385  0.000337  0.000318  0.000129  0.00032   0.000324  0.000159  0.000333  8.7e-05   0.000536  0.000236  0.000181  0.00013   0.000259  0.000125  7.1e-05   7.95e-05  0.000111  0.000185  0.000281  0.000302  0.000305  0.000287  0.000289  0.000318  0.000353  0.000309  0.000291  0.000222  0.00032   0.000327  0.0002    0.000201  0.000257  0.00028   0.000834  0.000275  0.000149  0.00032   0.000301  0.000189  0.000218  0.000281  0.000308  0.000211  0.000303  0.000193  0.000266  0.000303  0.000219  0.000518  0.000234  0.000303  0.000278  0.00044   0.000187  0.000118  0.000767  0.000264  0.000333  0.000311  0.000309  0.000294  0.000309  8.44e-05  0.000215  0.000314  7.2e-05   0.00021   0.000229  0.000307  0.000433  0.000357  0.000328  0.000327  0.00024   0.000239  0.000237  0.000239  0.000232  0.000229  0.000239  0.000238  0.000213  0.000226  0.000229  0.000231  0.000223  0.000237  0.000219  0.000215  0.000238  0.000238  0.000205  0.000206  0.000235  0.000227  0.000219  0.000227  0.00023   0.000347  0.000247  0.000248  0.000215  0.000244  0.000223  5.95e-05  0.000286  0.000291  0.000246  0.000301  0.000306  0.000158  0.000159  0.00032   0.00016   0.000281  7.97e-05  5.91e-05  0.000162  0.000142  0.000134  0.000135  0.000181  0.000179  0.000183  0.00018   6.12e-05
nGCA_008727195.1_ASM872719v1_genomic.fna   0.000313  0.000375  0.000364  0.000355  0.000306  0.00045   0.000502  0.000327  0         0.000319  0.000239  0.000229  0.000269  0.000362  0.000277  0.000434  0.000363  0.000342  0.000316  0.000609  0.00052   0.000609  0.000633  0.00041   0.000412  0.000421  0.000415  0.000435  0.000448  0.0004    0.000385  0.000624  0.000326  0.000453  0.000426  0.000208  0.000376  0.000334  0.000462  0.000379  0.00042   0.000413  0.00041   0.000405  0.000552  0.00054   0.000537  0.000454  0.000403  0.000396  0.000459  0.000396  0.000353  0.000474  0.000481  0.000389  0.000359  0.00116   0.000275  0.000444  0.000412  0.000401  0.000424  0.000426  0.000317  0.000535  0.000472  0.000354  0.000459  0.000402  0.000413  0.000494  0.000613  0.000333  0.000332  0.000411  0.000718  0.000461  0.000392  0.00121   0.000384  0.000327  0.000584  0.000423  0.000397  0.000449  0.000366  0.000538  0.00041   0.000368  0.000455  0.000459  0.000406  0.000688  0.000617  0.000577  0.000585  0.000385  0.000384  0.000383  0.000384  0.000386  0.000408  0.000369  0.000367  0.000391  0.000405  0.000384  0.000358  0.000401  0.00039   0.000353  0.000392  0.000393  0.000393  0.000336  0.000333  0.000409  0.000407  0.000358  0.000382  0.000359  0.000502  0.000377  0.00038   0.000378  0.000384  0.000356  0.00034   0.000413  0.000326  0.000389  0.000332  0.000316  0.000449  0.00045   0.000352  0.00045   0.000312  0.000363  0.000332  0.000433  0.000405  0.000411  0.000451  0.000441  0.000438  0.000437  0.000426  0.000331
tGCA_000008865.2_ASM886v2_genomic.fna      3.48e-05  0.000319  0.000308  0.000214  0.00023   0.000159  0.000219  2.8e-05   0.000319  0         0.000226  0.000217  0.000244  8e-05     0.000257  0.000292  0.000325  8.16e-05  0.000282  0.000358  0.00036   0.00036   0.000377  0.000326  0.000313  0.000131  0.000315  0.000319  0.000149  0.000322  9.26e-05  0.000526  0.000223  0.000174  0.000127  0.000247  0.000128  7.15e-05  6.57e-05  0.000107  0.000175  0.000263  0.000296  0.000303  0.00028   0.000286  0.000301  0.000339  0.000295  0.000287  0.00021   0.000309  0.000322  0.000196  0.000197  0.000243  0.000262  0.000827  0.000268  0.00015   0.000317  0.00027   0.000187  0.000202  0.000275  0.000293  0.000196  0.000298  0.000177  0.000258  0.000289  0.000216  0.000507  0.000233  0.000292  0.000273  0.000421  0.000183  0.000121  0.000754  0.000244  0.000317  0.000293  0.000307  0.000278  0.000295  8.4e-05   0.000207  0.000299  6.72e-05  0.000194  0.000221  0.000279  0.000417  0.000338  0.000309  0.000316  0.000237  0.000235  0.000234  0.000235  0.000229  0.000225  0.000224  0.000223  0.000209  0.000222  0.000225  0.000215  0.00022   0.000233  0.000204  0.000213  0.000235  0.000234  0.000193  0.000191  0.000231  0.000223  0.000202  0.000224  0.000214  0.000345  0.000231  0.000233  0.000205  0.00024   0.000208  5.97e-05  0.000276  0.000284  0.000241  0.000289  0.000298  0.000156  0.000156  0.00031   0.000158  0.000274  8e-05     5.92e-05  0.000153  0.000128  0.00012   0.000135  0.000178  0.000176  0.00018   0.000177  6.24e-05
tGCA_000021125.1_ASM2112v1_genomic.fna     0.000221  0.00033   0.000323  0.000292  0.0003    0.000361  0.000389  0.00024   0.000239  0.000226  0         2.62e-05  9.63e-05  0.000275  8.98e-05  0.000413  0.000235  0.000243  0.000156  0.000506  0.000527  0.000525  0.000531  0.00034   0.000335  0.000312  0.000336  0.000341  0.000345  0.000323  0.000286  0.000516  0.000201  0.000352  0.000316  0.000181  0.000297  0.000257  0.000381  0.000293  0.00032   0.000309  0.000298  0.000298  0.000447  0.000418  0.000415  0.000342  0.000324  0.000299  0.000357  0.000336  0.000273  0.000366  0.000367  0.000308  0.000385  0.000854  0.000303  0.000334  0.000329  0.000333  0.00033   0.000308  0.000131  0.000433  0.000358  0.000265  0.000344  0.000313  0.000308  0.000378  0.000511  0.000234  0.000309  0.000305  0.000592  0.000347  0.000308  0.000894  0.000315  0.000256  0.000489  0.000343  0.000295  0.000326  0.000262  0.000444  0.000317  0.000277  0.000353  0.000355  0.000343  0.000618  0.00053   0.00049   0.00042   0.000286  0.000286  0.000267  0.000267  0.000268  0.000292  0.000255  0.000254  0.000274  0.000286  0.000257  0.000245  0.000285  0.000273  0.000237  0.000266  0.000277  0.000266  0.00024   0.000238  0.00029   0.000289  0.000249  0.000257  0.000244  0.000384  0.000255  0.000279  0.000267  0.000259  0.000257  0.000252  0.000291  0.000173  0.0003    0.00026   0.000169  0.00033   0.000331  0.000195  0.000333  0.000142  0.000274  0.00026   0.000331  0.000302  0.000309  0.000349  0.00033   0.000329  0.000329  0.000322  0.000237
tGCA_000022225.1_ASM2222v1_genomic.fna     0.000213  0.000338  0.000335  0.000269  0.000289  0.000341  0.000378  0.000231  0.000229  0.000217  2.62e-05  0         7.66e-05  0.000266  8.22e-05  0.000322  0.000244  0.000231  0.000146  0.000517  0.000521  0.000519  0.000548  0.00033   0.000323  0.000301  0.000325  0.00033   0.000334  0.000312  0.000277  0.000522  0.000202  0.000341  0.000306  0.000172  0.000282  0.000249  0.000377  0.000283  0.00031   0.000302  0.0003    0.0003    0.000451  0.000416  0.000415  0.000338  0.000296  0.000284  0.000346  0.000315  0.000266  0.000356  0.000357  0.000298  0.000277  0.000845  0.0002    0.000323  0.000322  0.000322  0.00032   0.000299  0.000121  0.000418  0.000349  0.000163  0.000333  0.000291  0.0003    0.000385  0.000514  0.000235  0.000225  0.000295  0.000603  0.000337  0.000284  0.000907  0.000303  0.000248  0.000482  0.000333  0.000285  0.000315  0.000262  0.000434  0.000298  0.000269  0.000343  0.000344  0.000331  0.00061   0.000535  0.000495  0.00041   0.000275  0.000274  0.000273  0.000273  0.000275  0.000298  0.000247  0.000246  0.000281  0.000293  0.000264  0.000245  0.000291  0.000279  0.000229  0.000272  0.000283  0.000274  0.000233  0.000231  0.000296  0.000296  0.000242  0.000262  0.000237  0.00039   0.000262  0.000259  0.000275  0.000268  0.000233  0.000244  0.000299  0.000162  0.000291  0.00025   0.000158  0.00032   0.000319  0.000178  0.000322  0.000126  0.000265  0.000251  0.00032   0.000291  0.000299  0.000339  0.00032   0.000317  0.000318  0.000311  0.000227
tGCA_000730345.1_ASM73034v1_genomic.fna    0.000242  0.000373  0.000358  0.000324  0.000326  0.000379  0.00041   0.000258  0.000269  0.000244  9.63e-05  7.66e-05  0         0.000297  0.00013   0.000424  0.000277  0.000258  0.000185  0.000555  0.000561  0.00056   0.00057   0.000358  0.000358  0.000325  0.00036   0.000364  0.000361  0.000346  0.000316  0.000535  0.000249  0.000373  0.000335  0.000212  0.000323  0.000278  0.000402  0.000316  0.000329  0.000319  0.000342  0.000345  0.000495  0.000458  0.000452  0.000372  0.000338  0.000328  0.000373  0.000354  0.000291  0.000388  0.000388  0.000327  0.000372  0.000863  0.000294  0.000355  0.000359  0.000352  0.000349  0.000329  0.00016   0.000461  0.00038   0.000263  0.000371  0.00034   0.000336  0.000413  0.000535  0.000281  0.000317  0.000315  0.000638  0.000369  0.000325  0.00093   0.000333  0.000284  0.000512  0.000354  0.000324  0.000337  0.000304  0.000468  0.000334  0.000306  0.000374  0.00037   0.000362  0.000645  0.000555  0.000528  0.000442  0.000318  0.000317  0.000313  0.000313  0.000315  0.000337  0.000289  0.000289  0.000321  0.000333  0.000303  0.000286  0.000331  0.000319  0.000269  0.000312  0.000323  0.000313  0.000279  0.000276  0.000336  0.000334  0.000281  0.000302  0.000278  0.000431  0.000303  0.000311  0.000315  0.000307  0.000274  0.000275  0.000328  0.000209  0.000325  0.000281  0.000197  0.000356  0.000357  0.000215  0.000358  0.00017   0.000296  0.000282  0.000348  0.000312  0.000332  0.000353  0.000351  0.000348  0.000349  0.000342  0.00026
tGCA_000732965.1_ASM73296v1_genomic.fna    7.23e-05  0.000351  0.000339  0.000244  0.000281  0.000181  0.000171  7.97e-05  0.000362  8e-05     0.000275  0.000266  0.000297  0         0.000294  0.000337  0.00036   0.000108  0.000314  0.000399  0.000402  0.000401  0.000401  0.000351  0.00033   0.000145  0.000332  0.000336  0.000158  0.000355  0.000108  0.000547  0.000262  0.000173  0.00017   0.000273  0.000108  4.88e-05  9.63e-05  7.46e-05  0.000239  0.000313  0.000328  0.000333  0.000309  0.00031   0.00034   0.000386  0.000326  0.000312  0.000186  0.000336  0.000354  0.000169  0.00017   0.000274  0.000302  0.000848  0.000279  0.000153  0.000328  0.000315  0.000235  0.000245  0.000302  0.000327  0.000162  0.000298  0.000183  0.000289  0.000326  0.000236  0.000533  0.000258  0.000329  0.000276  0.000466  0.000153  0.0001    0.000782  0.000295  0.000328  0.000337  0.000338  0.000315  0.000333  9.38e-05  0.000225  0.000333  0.00012   0.00018   0.000208  0.000325  0.000462  0.00038   0.000352  0.000362  0.000259  0.000258  0.000257  0.000258  0.000251  0.000248  0.000269  0.000267  0.000232  0.000245  0.000253  0.000256  0.000243  0.000256  0.000249  0.000235  0.000257  0.000261  0.000236  0.000237  0.000258  0.00025   0.00025   0.000245  0.000257  0.000364  0.000272  0.00027   0.000236  0.00026   0.000258  4.7e-05   0.000302  0.000309  0.000263  0.000328  0.000329  0.000172  0.000173  0.000346  0.000175  0.000304  1.43e-06  7.05e-05  0.000204  0.000135  0.000116  0.000193  0.000182  0.000184  0.000176  0.000185  0.000119
tGCA_000803705.1_ASM80370v1_genomic.fna    0.000232  0.000389  0.000361  0.000305  0.000329  0.000382  0.000384  0.000265  0.000277  0.000257  8.98e-05  8.22e-05  0.00013   0.000294  0         0.000369  0.000276  0.000271  0.000188  0.00052   0.000517  0.000515  0.000534  0.000369  0.000362  0.000321  0.000362  0.000368  0.000352  0.000352  0.000309  0.000542  0.000253  0.000368  0.000345  0.000212  0.00031   0.000279  0.000393  0.000316  0.000349  0.00034   0.000338  0.00034   0.000498  0.000454  0.000464  0.000382  0.000333  0.000323  0.000372  0.000355  0.000305  0.000396  0.000397  0.000337  0.000311  0.000868  0.00024   0.000363  0.000353  0.000362  0.000335  0.000337  0.000165  0.000465  0.000377  0.000176  0.000361  0.000333  0.000347  0.000425  0.000539  0.000273  0.000274  0.000341  0.000598  0.000371  0.000313  0.00091   0.000341  0.000291  0.000515  0.000375  0.000326  0.000368  0.000282  0.000471  0.000335  0.0003    0.000369  0.000371  0.000371  0.000599  0.00057   0.000532  0.000454  0.000312  0.000312  0.00031   0.00031   0.000292  0.000335  0.00029   0.000289  0.000318  0.000329  0.000307  0.000286  0.000329  0.000316  0.000273  0.000311  0.00032   0.000316  0.000276  0.000274  0.000333  0.000332  0.000284  0.000277  0.000279  0.0004    0.000303  0.000302  0.000318  0.00031   0.000275  0.000277  0.000327  0.000205  0.000293  0.000292  0.000204  0.000368  0.000369  0.000223  0.00037   0.000175  0.000293  0.000287  0.000359  0.00033   0.000334  0.000347  0.000359  0.000358  0.000359  0.000351  0.000257
tGCA_000978815.2_ASM97881v2_genomic.fna    0.000294  0.000387  0.000378  0.000375  0.000311  0.00039   0.00039   0.000298  0.000434  0.000292  0.000413  0.000322  0.000424  0.000337  0.000369  0         0.000314  0.000309  0.000347  0.000435  0.000523  0.000522  0.000448  0.000392  0.000378  0.000332  0.000379  0.000381  0.000338  0.000377  0.000323  0.000575  0.000335  0.000318  0.000317  0.000331  0.000343  0.000285  0.00029   0.000328  0.000318  0.000313  0.000351  0.000357  0.000343  0.00036   0.000365  0.000487  0.000448  0.000441  0.000361  0.000461  0.000388  0.000367  0.000368  0.00029   0.000479  0.000995  0.000392  0.000331  0.000365  0.000333  0.000283  0.000325  0.000339  0.000373  0.000392  0.000482  0.000382  0.000479  0.000411  0.000337  0.000572  0.000331  0.000381  0.00036   0.000474  0.000351  0.000386  0.000861  0.000309  0.000396  0.000373  0.000391  0.000368  0.000386  0.000302  0.000308  0.000488  0.000314  0.000341  0.000332  0.000345  0.000492  0.000434  0.000414  0.000422  0.000358  0.000373  0.000261  0.000261  0.000267  0.000268  0.000263  0.000261  0.000275  0.000266  0.000262  0.000255  0.000265  0.000254  0.000264  0.000266  0.000254  0.000252  0.000251  0.000254  0.00027   0.000263  0.000286  0.000249  0.00026   0.000373  0.000242  0.000354  0.000242  0.000262  0.000355  0.000292  0.000203  0.000344  0.000281  0.000323  0.000317  0.000342  0.000343  0.000382  0.000344  0.000335  0.000338  0.000284  0.000318  0.000341  0.000421  0.000405  0.000321  0.00032   0.000327  0.000319  0.000289
tGCA_000978845.2_ASM97884v2_genomic.fna    0.000325  0.000301  0.000288  0.00032   0.000263  0.000307  0.000349  0.000334  0.000363  0.000325  0.000235  0.000244  0.000277  0.00036   0.000276  0.000314  0         0.0003    0.000178  0.000586  0.000579  0.000577  0.000585  0.000325  0.00031   0.000283  0.000311  0.000317  0.000298  0.000311  0.000308  0.000572  0.00032   0.000279  0.000275  0.000198  0.000304  0.000334  0.000475  0.000349  0.000273  0.000268  0.000268  0.000257  0.000448  0.0004    0.000377  0.000301  0.000252  0.000265  0.000315  0.000319  0.000224  0.000335  0.000336  0.000258  0.000312  0.00086   0.000165  0.000292  0.000314  0.000278  0.000245  0.000263  0.00017   0.000392  0.000321  0.000205  0.000304  0.000268  0.000269  0.000316  0.000585  0.00032   7.93e-05  0.000261  0.000535  0.000303  0.000307  0.000924  0.000261  0.000212  0.000449  0.000299  0.000261  0.000295  0.000351  0.000398  0.000248  0.000293  0.000274  0.000283  0.000287  0.000553  0.000478  0.000461  0.000405  0.000255  0.000253  0.000251  0.000254  0.000252  0.000274  0.000231  0.000233  0.000261  0.000273  0.000239  0.000238  0.000269  0.000256  0.000238  0.000252  0.000259  0.000248  0.000242  0.000245  0.000265  0.000275  0.000261  0.000238  0.000231  0.000361  0.000248  0.000238  0.000238  0.00023   0.000239  0.000339  0.000219  0.000169  0.000253  9.25e-05  0.000163  0.000302  0.000302  0.000218  0.000304  0.000167  0.000361  0.000328  0.000263  0.000271  0.000293  0.00043   0.000284  0.000283  0.000288  0.000281  0.00032
tGCA_001307215.1_ASM130721v1_genomic.fna   6.75e-05  0.000322  0.00031   0.000238  0.000222  0.000173  0.000198  0.000101  0.000342  8.16e-05  0.000243  0.000231  0.000258  0.000108  0.000271  0.000309  0.0003    0         0.000273  0.000372  0.000373  0.000373  0.00039   0.000308  0.000303  0.000144  0.000303  0.000309  0.000171  0.000301  0.000158  0.000515  0.000239  0.000158  0.000147  0.000243  0.000156  0.000107  7.36e-05  9.45e-05  0.000178  0.000249  0.000299  0.000305  0.000295  0.000298  0.000285  0.000324  0.000286  0.000285  0.000197  0.000297  0.000308  0.000181  0.000183  0.000228  0.000278  0.000837  0.000238  0.000164  0.000317  0.000259  0.000201  0.000193  0.000263  0.000279  0.000159  0.000267  0.000143  0.000267  0.000288  0.000232  0.000502  0.000266  0.000278  0.000246  0.000406  0.000137  0.000152  0.000784  0.000239  0.000285  0.000293  0.000303  0.000268  0.000291  0.000117  0.000225  0.000282  0.000145  0.000161  0.00021   0.000268  0.000405  0.000325  0.000311  0.000333  0.000257  0.000254  0.000253  0.000254  0.00025   0.000248  0.000211  0.000214  0.000234  0.000245  0.000241  0.000218  0.000243  0.000255  0.0002    0.000236  0.000256  0.000249  0.000205  0.000203  0.000245  0.000247  0.000216  0.000245  0.000207  0.000359  0.000232  0.000225  0.000227  0.000239  0.000204  0.00011   0.000264  0.000268  0.000239  0.000272  0.000281  0.000165  0.000167  0.000306  0.000167  0.000262  0.000106  0.000117  0.000159  0.000107  0.000103  0.000196  0.000183  0.00018   0.00017   0.000182  0.000115
tGCA_001558995.2_ASM155899v2_genomic.fna   0.000283  0.000277  0.00027   0.000248  0.000208  0.000261  0.000312  0.00029   0.000316  0.000282  0.000156  0.000146  0.000185  0.000314  0.000188  0.000347  0.000178  0.000273  0         0.000589  0.000587  0.000585  0.000596  0.00027   0.000252  0.000231  0.000252  0.000258  0.00024   0.000255  0.000259  0.000589  0.000303  0.000276  0.000234  0.000149  0.000251  0.000287  0.000446  0.000303  0.000228  0.000213  0.00022   0.000234  0.000433  0.000357  0.000355  0.000284  0.000206  0.000209  0.000268  0.000256  0.000189  0.000287  0.000289  0.000231  0.000249  0.000803  0.000105  0.000244  0.00026   0.000241  0.000244  0.000225  2.95e-05  0.00034   0.000283  8.8e-05   0.000277  0.000198  0.00022   0.000323  0.000581  0.000309  0.000144  0.000217  0.000525  0.000258  0.00026   0.00091   0.000208  0.000164  0.000396  0.00024   0.00021   0.000258  0.000331  0.000329  0.000213  0.000244  0.000267  0.00026   0.000248  0.000503  0.000457  0.000427  0.000345  0.000208  0.000207  0.000205  0.000207  0.000205  0.000227  0.000188  0.00019   0.000213  0.000225  0.000198  0.000192  0.000222  0.000209  0.00019   0.000204  0.000213  0.000207  0.000188  0.000189  0.000228  0.000228  0.000209  0.000194  0.000178  0.000328  0.000208  0.000185  0.000218  0.000202  0.000191  0.000298  0.000224  5.72e-05  0.000211  0.000144  6.01e-05  0.000262  0.000263  8.03e-05  0.000263  2.76e-05  0.000313  0.000303  0.000242  0.000231  0.000251  0.000372  0.000243  0.000243  0.000246  0.000239  0.000279
tGCA_001651925.2_ASM165192v2_genomic.fna   0.000264  0.000622  0.000526  0.000406  0.000403  0.000471  0.000427  0.000372  0.000609  0.000358  0.000506  0.000517  0.000555  0.000399  0.00052   0.000435  0.000586  0.000372  0.000589  0         1.19e-05  1.26e-05  9.62e-05  0.000411  0.000403  0.000353  0.000405  0.000401  0.000378  0.000399  0.000421  0.00065   0.000217  0.000473  0.000439  0.000559  0.00039   0.000359  0.00027   0.000407  0.000426  0.000536  0.000265  0.000283  0.00025   0.000433  0.000424  0.000288  0.000299  0.000293  0.00048   0.0004    0.000444  0.000488  0.00049   0.00041   0.000285  0.00101   0.000572  0.000455  0.000394  0.000455  0.00044   0.000443  0.000571  0.000438  0.00049   0.000534  0.000476  0.000551  0.000575  0.000493  0.000648  0.000227  0.00056   0.000662  0.000124  0.000472  0.000422  0.00108   0.000409  0.00064   0.000238  0.000604  0.000284  0.000602  0.000273  0.000555  0.00031   0.000406  0.000485  0.000486  0.000462  0.000192  0.000393  0.000346  0.000601  0.000404  0.000406  0.000404  0.000406  0.000321  0.000422  0.000398  0.000398  0.00041   0.000419  0.00039   0.000386  0.000417  0.000407  0.000389  0.0004    0.000406  0.000401  0.000381  0.000379  0.000436  0.000421  0.000405  0.000304  0.000387  0.000497  0.000392  0.000413  0.000404  0.000403  0.000397  0.000371  0.000339  0.000567  0.000416  0.000599  0.000585  0.000453  0.000452  0.000608  0.000456  0.000575  0.000394  0.000392  0.000471  0.000426  0.000429  0.000382  0.000446  0.000445  0.000453  0.000448  0.00036
tGCA_001651945.2_ASM165194v2_genomic.fna   0.000266  0.000618  0.000522  0.000421  0.000401  0.000471  0.000424  0.00037   0.00052   0.00036   0.000527  0.000521  0.000561  0.000402  0.000517  0.000523  0.000579  0.000373  0.000587  1.19e-05  0         2.62e-06  9e-05     0.00041   0.000399  0.000347  0.0004    0.000398  0.000377  0.000397  0.000417  0.000651  0.000219  0.00047   0.000435  0.000561  0.000389  0.000358  0.000273  0.00041   0.000426  0.000534  0.000264  0.000278  0.000243  0.000427  0.000425  0.000286  0.000301  0.000294  0.000484  0.000402  0.000438  0.000486  0.000487  0.000411  0.00038   0.000984  0.000661  0.000454  0.000389  0.000386  0.000435  0.000446  0.000569  0.000441  0.000493  0.000591  0.000477  0.00057   0.000576  0.000491  0.000654  0.000226  0.000614  0.000661  0.000121  0.000472  0.000419  0.00106   0.000407  0.000582  0.000237  0.000603  0.000282  0.000603  0.00027   0.000552  0.000321  0.000403  0.000488  0.000484  0.000386  0.000167  0.000397  0.000352  0.000558  0.000406  0.000408  0.000405  0.000406  0.00032   0.000423  0.000408  0.000408  0.000412  0.00042   0.000393  0.000395  0.000418  0.000407  0.000395  0.000402  0.000409  0.000404  0.000387  0.000385  0.000433  0.000418  0.000409  0.000307  0.000396  0.000494  0.000401  0.000431  0.000405  0.000406  0.000395  0.000371  0.000339  0.000562  0.000418  0.000595  0.000583  0.000451  0.00045   0.000605  0.000452  0.000574  0.000397  0.000396  0.000476  0.000427  0.000431  0.000384  0.000449  0.000446  0.000451  0.000446  0.000363
tGCA_001651965.2_ASM165196v2_genomic.fna   0.000266  0.000618  0.000522  0.00042   0.0004    0.000478  0.000423  0.000369  0.000609  0.00036   0.000525  0.000519  0.00056   0.000401  0.000515  0.000522  0.000577  0.000373  0.000585  1.26e-05  2.62e-06  0         9.11e-05  0.000408  0.000397  0.000347  0.000399  0.000396  0.000376  0.000396  0.000416  0.000652  0.000216  0.000468  0.000433  0.000559  0.000387  0.000357  0.000273  0.000409  0.000424  0.000531  0.000262  0.000276  0.000241  0.000424  0.000422  0.000283  0.000298  0.000291  0.000482  0.0004    0.000437  0.000484  0.000486  0.00041   0.000377  0.00102   0.000658  0.000453  0.000388  0.000446  0.000434  0.000445  0.000567  0.000438  0.000492  0.000589  0.000476  0.000568  0.000574  0.000489  0.000652  0.000223  0.000612  0.000658  0.000119  0.00047   0.000418  0.00109   0.000406  0.000635  0.000238  0.0006    0.000279  0.000601  0.00027   0.00055   0.000319  0.000401  0.000487  0.000482  0.000454  0.000188  0.000395  0.000349  0.000597  0.000406  0.000408  0.000405  0.000406  0.000321  0.000423  0.000408  0.000408  0.000412  0.00042   0.000393  0.000395  0.000418  0.000407  0.000395  0.000402  0.000409  0.000404  0.000388  0.000386  0.000433  0.000419  0.000409  0.000307  0.000397  0.000494  0.000401  0.000431  0.000405  0.000406  0.000396  0.00037   0.000339  0.000561  0.000418  0.000593  0.000581  0.00045   0.000449  0.000603  0.000452  0.000572  0.000396  0.000395  0.000474  0.000426  0.000429  0.000383  0.000447  0.000444  0.000449  0.000444  0.000362
tGCA_001695515.1_ASM169551v1_genomic.fna   0.000281  0.000639  0.00054   0.000444  0.000421  0.000486  0.000429  0.000385  0.000633  0.000377  0.000531  0.000548  0.00057   0.000401  0.000534  0.000448  0.000585  0.00039   0.000596  9.62e-05  9e-05     9.11e-05  0         0.000444  0.000421  0.000368  0.000423  0.000421  0.000387  0.000428  0.000437  0.00066   0.000258  0.000482  0.000455  0.000577  0.000404  0.000368  0.00029   0.000407  0.000452  0.000563  0.000296  0.000303  0.00028   0.000454  0.000459  0.000324  0.000312  0.000287  0.000497  0.000424  0.000444  0.000495  0.000496  0.000429  0.000307  0.00103   0.00058   0.000464  0.000414  0.000454  0.000456  0.000455  0.00058   0.000458  0.000498  0.000532  0.00049   0.000562  0.000586  0.000476  0.000673  0.000256  0.000564  0.000672  0.000168  0.000477  0.000429  0.00113   0.000433  0.000639  0.000268  0.000624  0.000293  0.000619  0.000305  0.00057   0.000323  0.000425  0.000493  0.000487  0.000463  0.000219  0.000423  0.000377  0.000628  0.000419  0.00042   0.000419  0.00042   0.000334  0.00042   0.000424  0.000424  0.000425  0.000418  0.000407  0.000412  0.000415  0.000405  0.000413  0.000415  0.000407  0.0004    0.000405  0.000403  0.000434  0.000423  0.000425  0.000319  0.000413  0.000492  0.000405  0.000434  0.000421  0.000418  0.00042   0.000382  0.000343  0.000575  0.000432  0.000609  0.000598  0.000466  0.000466  0.000615  0.000467  0.000585  0.000396  0.000407  0.000494  0.000445  0.000447  0.000408  0.000456  0.000455  0.00046   0.000456  0.000384
tGCA_001753445.1_ASM175344v1_genomic.fna   0.000319  0.000351  0.000343  0.000306  0.000266  0.000315  0.000369  0.000337  0.00041   0.000326  0.00034   0.00033   0.000358  0.000351  0.000369  0.000392  0.000325  0.000308  0.00027   0.000411  0.00041   0.000408  0.000444  0         5.24e-05  0.000284  5.29e-05  5.84e-05  0.000312  3.14e-05  0.000315  0.000521  0.000323  0.000324  0.000293  0.000274  0.0003    0.000312  0.000321  0.000357  0.000256  0.000218  0.000276  0.000278  0.000278  0.000288  0.000257  0.000308  0.000255  0.000257  0.000324  3.31e-05  0.000322  0.000352  0.000353  0.000304  0.000279  0.000795  0.00026   0.000306  6.96e-05  0.0003    0.00028   0.000299  0.000265  0.000252  0.000338  0.000297  0.000332  0.000261  0.000252  0.000369  0.000558  0.000338  0.00029   0.000247  0.000355  0.00032   0.000328  0.000706  0.000273  0.000305  0.000251  0.000293  0.000244  0.000291  0.000372  0.000274  0.000259  0.000292  0.00033   0.000315  0.000295  0.000351  0.00032   0.000289  0.000304  0.000278  0.00028   0.000278  0.00028   0.000279  0.000298  0.000252  0.000254  0.000285  0.000295  0.000274  0.000244  0.000292  0.000281  0.000251  0.000286  0.000284  0.000284  0.000243  0.000246  0.000304  0.000296  0.00026   0.000279  0.000238  0.000389  0.000258  0.000259  0.000282  0.000285  0.000251  0.000318  0.000296  0.000265  0.000275  0.000294  0.000282  0.00031   0.000311  0.000309  0.000312  0.000262  0.000352  0.000343  0.000303  0.000277  0.000284  0.000415  0.000298  0.000295  0.000297  0.000291  0.000324
tGCA_001753465.1_ASM175346v1_genomic.fna   0.000313  0.000322  0.00031   0.000289  0.000254  0.0003    0.000345  0.000318  0.000412  0.000313  0.000335  0.000323  0.000358  0.00033   0.000362  0.000378  0.00031   0.000303  0.000252  0.000403  0.000399  0.000397  0.000421  5.24e-05  0         0.000269  1.92e-06  1.34e-05  0.000286  3.36e-05  0.0003    0.000508  0.00032   0.000311  0.000275  0.000283  0.000274  0.000285  0.000321  0.000326  0.000263  0.000224  0.000257  0.000258  0.000275  0.000268  0.000255  0.000304  0.000242  0.000233  0.000322  3.7e-05   0.000299  0.000328  0.000329  0.000277  0.000283  0.000773  0.000255  0.00028   2.47e-05  0.000282  0.000277  0.000275  0.000247  0.000239  0.000329  0.00029   0.000329  0.000229  0.000233  0.000343  0.000554  0.000319  0.000271  0.000226  0.000351  0.000296  0.000303  0.000696  0.000262  0.0003    0.000245  0.000261  0.000233  0.000268  0.00035   0.000238  0.000246  0.000274  0.000318  0.000309  0.000278  0.000344  0.000321  0.000302  0.00028   0.00026   0.000261  0.00026   0.000262  0.000261  0.000271  0.000244  0.000246  0.000259  0.000268  0.000246  0.000249  0.000265  0.000263  0.00024   0.000248  0.000266  0.000255  0.000235  0.000236  0.000277  0.000269  0.000264  0.000249  0.000234  0.000371  0.000262  0.000243  0.000264  0.000255  0.000241  0.000291  0.000279  0.000246  0.00026   0.000287  0.000269  0.000289  0.000289  0.000291  0.00029   0.000244  0.000331  0.000323  0.000295  0.000282  0.00029   0.000406  0.000289  0.000286  0.000289  0.000282  0.000319
